1.000000000000000000e+00 4.637669999999999959e+01 5.575260000000000000e+07 9.474332567159778542e-12
2.000000000000000000e+00 3.322310000000000230e+01 9.081120000000000000e+07 1.566523924195922846e-11
3.000000000000000000e+00 2.652939999999999898e+01 1.258700000000000000e+08 1.587719449196419914e-11
4.000000000000000000e+00 2.236970000000000169e+01 1.609280000000000000e+08 1.461122382222109623e-11
5.000000000000000000e+00 1.949210000000000065e+01 1.959860000000000000e+08 1.371410698989187341e-11
6.000000000000000000e+00 1.736260000000000048e+01 2.310430000000000000e+08 1.483455344592295157e-11
7.000000000000000000e+00 1.571189999999999998e+01 2.661010000000000000e+08 1.057143885382153463e-11
8.000000000000000000e+00 1.438809999999999967e+01 3.011580000000000000e+08 1.020704378037574972e-11
9.000000000000000000e+00 1.329860000000000042e+01 3.362140000000000000e+08 1.530579296649924140e-11
1.000000000000000000e+01 1.238339999999999996e+01 3.712700000000000000e+08 1.083216253133203690e-11
1.100000000000000000e+01 1.160180000000000078e+01 4.063250000000000000e+08 5.510264201354361629e-12
1.200000000000000000e+01 1.092500000000000071e+01 4.413800000000000000e+08 2.287575179870903863e+00
1.300000000000000000e+01 1.033230000000000004e+01 4.764330000000000000e+08 1.761589877592294329e+01
1.400000000000000000e+01 9.808030000000000470e+00 5.114860000000000000e+08 3.140486166912700838e+01
1.500000000000000000e+01 9.340419999999999945e+00 5.465390000000000000e+08 6.491715959879263664e+01
1.600000000000000000e+01 8.920249999999999346e+00 5.815900000000000000e+08 1.344957448827594533e+02
1.700000000000000000e+01 8.540259999999999962e+00 6.166410000000000000e+08 1.510275486733044090e+02
1.800000000000000000e+01 8.194620000000000459e+00 6.516900000000000000e+08 2.476213721225442441e+02
1.900000000000000000e+01 7.878610000000000113e+00 6.867380000000000000e+08 3.428119938394346491e+02
2.000000000000000000e+01 7.588379999999999903e+00 7.217860000000000000e+08 4.011969053250612660e+02
2.100000000000000000e+01 7.320700000000000429e+00 7.568320000000000000e+08 4.897153599937412878e+02
2.200000000000000000e+01 7.072899999999999743e+00 7.918770000000000000e+08 6.539652548271301384e+02
2.300000000000000000e+01 6.842699999999999783e+00 8.269200000000000000e+08 7.200206095731566620e+02
2.400000000000000000e+01 6.628199999999999648e+00 8.619630000000000000e+08 1.075790529915016805e+03
2.500000000000000000e+01 6.427730000000000388e+00 8.970040000000000000e+08 1.575695551514514818e+03
2.600000000000000000e+01 6.239889999999999937e+00 9.320430000000000000e+08 1.668479128671932131e+03
2.700000000000000000e+01 6.063449999999999562e+00 9.670810000000000000e+08 1.663049312146191824e+03
2.800000000000000000e+01 5.897330000000000183e+00 1.002120000000000000e+09 1.801709365927735917e+03
2.900000000000000000e+01 5.740610000000000213e+00 1.037150000000000000e+09 2.088343966914369503e+03
3.000000000000000000e+01 5.592450000000000365e+00 1.072190000000000000e+09 2.367387819222057715e+03
3.100000000000000000e+01 5.452130000000000365e+00 1.107220000000000000e+09 2.805129015048862129e+03
3.200000000000000000e+01 5.318999999999999950e+00 1.142250000000000000e+09 3.357893355365674324e+03
3.300000000000000000e+01 5.192490000000000272e+00 1.177270000000000000e+09 4.355406115295889322e+03
3.400000000000000000e+01 5.072090000000000209e+00 1.212300000000000000e+09 4.977590638805757408e+03
3.500000000000000000e+01 4.957340000000000302e+00 1.247320000000000000e+09 4.645830248416275936e+03
3.600000000000000000e+01 4.847830000000000084e+00 1.282350000000000000e+09 4.437796858361914929e+03
3.700000000000000000e+01 4.743170000000000108e+00 1.317370000000000000e+09 4.423069403207538016e+03
3.800000000000000000e+01 4.643030000000000435e+00 1.352390000000000000e+09 4.475494288179494106e+03
3.900000000000000000e+01 4.547119999999999607e+00 1.387400000000000000e+09 4.949410710604721316e+03
4.000000000000000000e+01 4.455140000000000100e+00 1.422410000000000000e+09 5.317668554804867199e+03
4.100000000000000000e+01 4.366850000000000342e+00 1.457430000000000000e+09 5.273282984388995828e+03
4.200000000000000000e+01 4.282000000000000028e+00 1.492440000000000000e+09 5.146443522862870850e+03
4.300000000000000000e+01 4.200409999999999755e+00 1.527440000000000000e+09 5.289739982144974419e+03
4.400000000000000000e+01 4.121850000000000236e+00 1.562450000000000000e+09 5.327187270922747302e+03
4.500000000000000000e+01 4.046170000000000044e+00 1.597450000000000000e+09 5.537768436455748997e+03
4.600000000000000000e+01 3.973180000000000156e+00 1.632450000000000000e+09 5.682260877474038352e+03
4.700000000000000000e+01 3.902750000000000163e+00 1.667440000000000000e+09 5.785014458409857980e+03
4.800000000000000000e+01 3.834729999999999972e+00 1.702440000000000000e+09 6.072486496469948179e+03
4.900000000000000000e+01 3.768979999999999997e+00 1.737430000000000000e+09 6.445203429709018565e+03
5.000000000000000000e+01 3.705400000000000027e+00 1.772420000000000000e+09 6.657351389579439456e+03
5.100000000000000000e+01 3.643860000000000099e+00 1.807410000000000000e+09 6.678233914979448855e+03
5.200000000000000000e+01 3.584270000000000067e+00 1.842390000000000000e+09 6.587096331372817076e+03
5.300000000000000000e+01 3.526520000000000099e+00 1.877370000000000000e+09 6.551166260485734711e+03
5.400000000000000000e+01 3.470520000000000049e+00 1.912350000000000000e+09 6.622970634172851533e+03
5.500000000000000000e+01 3.416199999999999903e+00 1.947320000000000000e+09 6.893467466484697070e+03
5.600000000000000000e+01 3.363469999999999960e+00 1.982290000000000000e+09 7.475192771753921079e+03
5.700000000000000000e+01 3.312260000000000204e+00 2.017260000000000000e+09 9.129155418648006162e+03
5.800000000000000000e+01 3.262490000000000112e+00 2.052230000000000000e+09 9.103889188564229698e+03
5.900000000000000000e+01 3.214109999999999800e+00 2.087190000000000000e+09 9.045512733611209114e+03
6.000000000000000000e+01 3.167050000000000143e+00 2.122150000000000000e+09 9.063959726553632208e+03
6.100000000000000000e+01 3.121259999999999923e+00 2.157100000000000000e+09 8.944821836734721728e+03
6.200000000000000000e+01 3.076670000000000016e+00 2.192060000000000000e+09 8.627165539547775552e+03
6.300000000000000000e+01 3.033249999999999780e+00 2.227010000000000000e+09 8.491057705127006557e+03
6.400000000000000000e+01 2.990940000000000154e+00 2.261950000000000000e+09 8.564769041919382289e+03
6.500000000000000000e+01 2.949689999999999923e+00 2.296890000000000000e+09 8.533048406051775601e+03
6.600000000000000000e+01 2.909469999999999779e+00 2.331830000000000000e+09 8.426552815017470493e+03
6.700000000000000000e+01 2.870220000000000216e+00 2.366770000000000000e+09 8.240332485357765108e+03
6.800000000000000000e+01 2.831929999999999836e+00 2.401700000000000000e+09 8.135408111629266386e+03
6.900000000000000000e+01 2.794540000000000024e+00 2.436630000000000000e+09 7.992565900025036171e+03
7.000000000000000000e+01 2.758030000000000204e+00 2.471550000000000000e+09 7.901284647471331482e+03
7.100000000000000000e+01 2.722350000000000048e+00 2.506470000000000000e+09 7.975727208180425805e+03
7.200000000000000000e+01 2.687489999999999934e+00 2.541390000000000000e+09 8.121492499058188514e+03
7.300000000000000000e+01 2.653410000000000046e+00 2.576310000000000000e+09 8.196795877497070251e+03
7.400000000000000000e+01 2.620080000000000187e+00 2.611210000000000000e+09 8.347129325459716711e+03
7.500000000000000000e+01 2.587479999999999780e+00 2.646120000000000000e+09 9.033948081902281046e+03
7.600000000000000000e+01 2.555569999999999897e+00 2.681020000000000000e+09 9.601061750094146191e+03
7.700000000000000000e+01 2.524350000000000094e+00 2.715920000000000000e+09 9.600343960121341297e+03
7.800000000000000000e+01 2.493770000000000042e+00 2.750810000000000000e+09 9.486938148271103273e+03
7.900000000000000000e+01 2.463830000000000187e+00 2.785700000000000000e+09 9.369038076890648881e+03
8.000000000000000000e+01 2.434499999999999886e+00 2.820590000000000000e+09 9.294385812602415172e+03
8.100000000000000000e+01 2.405759999999999899e+00 2.855470000000000000e+09 9.190084109872594127e+03
8.200000000000000000e+01 2.377590000000000092e+00 2.890350000000000000e+09 9.186248962473962820e+03
8.300000000000000000e+01 2.349969999999999892e+00 2.925220000000000000e+09 9.154929692901499948e+03
8.400000000000000000e+01 2.322890000000000121e+00 2.960090000000000000e+09 9.227099373003484288e+03
8.500000000000000000e+01 2.296330000000000204e+00 2.994950000000000000e+09 9.271333222152987219e+03
8.600000000000000000e+01 2.270270000000000010e+00 3.029810000000000000e+09 9.182084202244786866e+03
8.700000000000000000e+01 2.244689999999999852e+00 3.064670000000000000e+09 9.185252140655557014e+03
8.800000000000000000e+01 2.219590000000000174e+00 3.099520000000000000e+09 9.199941421681010979e+03
8.900000000000000000e+01 2.194949999999999957e+00 3.134370000000000000e+09 9.203820911783264819e+03
9.000000000000000000e+01 2.170760000000000023e+00 3.169210000000000000e+09 9.245946087723485107e+03
9.100000000000000000e+01 2.146990000000000176e+00 3.204050000000000000e+09 9.300181653740193724e+03
9.200000000000000000e+01 2.123650000000000038e+00 3.238880000000000000e+09 9.253990232194893906e+03
9.300000000000000000e+01 2.100709999999999855e+00 3.273710000000000000e+09 9.255054328124602762e+03
9.400000000000000000e+01 2.078170000000000073e+00 3.308540000000000000e+09 9.202304377526490498e+03
9.500000000000000000e+01 2.056010000000000115e+00 3.343360000000000000e+09 9.179650678801666800e+03
9.600000000000000000e+01 2.034229999999999983e+00 3.378170000000000000e+09 9.151248771316546481e+03
9.700000000000000000e+01 2.012809999999999988e+00 3.412980000000000000e+09 9.069976290431586676e+03
9.800000000000000000e+01 1.991740000000000066e+00 3.447790000000000000e+09 9.028301026330331297e+03
9.900000000000000000e+01 1.971019999999999994e+00 3.482590000000000000e+09 9.004904436815288136e+03
1.000000000000000000e+02 1.950630000000000086e+00 3.517380000000000000e+09 8.944480925298552393e+03
1.010000000000000000e+02 1.930579999999999963e+00 3.552170000000000000e+09 8.911225814384062687e+03
1.020000000000000000e+02 1.910840000000000094e+00 3.586960000000000000e+09 8.895493905700159303e+03
1.030000000000000000e+02 1.891399999999999970e+00 3.621740000000000000e+09 8.886693508580958223e+03
1.040000000000000000e+02 1.872270000000000101e+00 3.656520000000000000e+09 8.846109168573977513e+03
1.050000000000000000e+02 1.853439999999999976e+00 3.691290000000000000e+09 8.884787573106326818e+03
1.060000000000000000e+02 1.834889999999999910e+00 3.726050000000000000e+09 8.971787916687455436e+03
1.070000000000000000e+02 1.816619999999999902e+00 3.760810000000000000e+09 8.908092707917186999e+03
1.080000000000000000e+02 1.798629999999999951e+00 3.795570000000000000e+09 8.777191507649433333e+03
1.090000000000000000e+02 1.780899999999999928e+00 3.830320000000000000e+09 8.679775912202861946e+03
1.100000000000000000e+02 1.763430000000000053e+00 3.865070000000000000e+09 8.545122060048808635e+03
1.110000000000000000e+02 1.746210000000000040e+00 3.899810000000000000e+09 8.407498437116304558e+03
1.120000000000000000e+02 1.729240000000000110e+00 3.934540000000000000e+09 8.281968759622392099e+03
1.130000000000000000e+02 1.712509999999999977e+00 3.969270000000000000e+09 8.172082676327347144e+03
1.140000000000000000e+02 1.696020000000000083e+00 4.003990000000000000e+09 8.084485849133078773e+03
1.150000000000000000e+02 1.679759999999999920e+00 4.038710000000000000e+09 8.039614576410073823e+03
1.160000000000000000e+02 1.663720000000000088e+00 4.073430000000000000e+09 7.944937556956016124e+03
1.170000000000000000e+02 1.647899999999999920e+00 4.108140000000000000e+09 7.828190536438510208e+03
1.180000000000000000e+02 1.632300000000000084e+00 4.142840000000000000e+09 7.783011665115040159e+03
1.190000000000000000e+02 1.616910000000000069e+00 4.177540000000000000e+09 7.715660709018043235e+03
1.200000000000000000e+02 1.601730000000000098e+00 4.212230000000000000e+09 7.625607361620612210e+03
1.210000000000000000e+02 1.586740000000000039e+00 4.246920000000000000e+09 7.493649837231180754e+03
1.220000000000000000e+02 1.571949999999999958e+00 4.281600000000000000e+09 7.385972474707954461e+03
1.230000000000000000e+02 1.557360000000000078e+00 4.316270000000000000e+09 7.334767567617261193e+03
1.240000000000000000e+02 1.542950000000000044e+00 4.350940000000000000e+09 7.341488772246971166e+03
1.250000000000000000e+02 1.528729999999999922e+00 4.385610000000000000e+09 7.283027610850108431e+03
1.260000000000000000e+02 1.514680000000000026e+00 4.420270000000000000e+09 7.226977208874633106e+03
1.270000000000000000e+02 1.500820000000000043e+00 4.454920000000000000e+09 7.223561518732885816e+03
1.280000000000000000e+02 1.487119999999999997e+00 4.489570000000000000e+09 7.194529784321997795e+03
1.290000000000000000e+02 1.473600000000000021e+00 4.524210000000000000e+09 7.193530837788801364e+03
1.300000000000000000e+02 1.460239999999999982e+00 4.558850000000000000e+09 7.256494003994336708e+03
1.310000000000000000e+02 1.447049999999999947e+00 4.593480000000000000e+09 7.275337243164431129e+03
1.320000000000000000e+02 1.434010000000000007e+00 4.628100000000000000e+09 7.317938352822962770e+03
1.330000000000000000e+02 1.421130000000000004e+00 4.662720000000000000e+09 7.362858738749202530e+03
1.340000000000000000e+02 1.408400000000000096e+00 4.697330000000000000e+09 7.400654943735847155e+03
1.350000000000000000e+02 1.395820000000000061e+00 4.731940000000000000e+09 7.396071494954646369e+03
1.360000000000000000e+02 1.383389999999999898e+00 4.766540000000000000e+09 7.318401287216599485e+03
1.370000000000000000e+02 1.371110000000000051e+00 4.801140000000000000e+09 7.243892462502011767e+03
1.380000000000000000e+02 1.358959999999999946e+00 4.835730000000000000e+09 7.234942746143014119e+03
1.390000000000000000e+02 1.346950000000000092e+00 4.870310000000000000e+09 7.200712667490201966e+03
1.400000000000000000e+02 1.335080000000000044e+00 4.904890000000000000e+09 7.157763950860391560e+03
1.410000000000000000e+02 1.323350000000000026e+00 4.939470000000000000e+09 7.126181779512534376e+03
1.420000000000000000e+02 1.311739999999999906e+00 4.974030000000000000e+09 7.039384033288974933e+03
1.430000000000000000e+02 1.300259999999999971e+00 5.008590000000000000e+09 6.988891129579796143e+03
1.440000000000000000e+02 1.288910000000000000e+00 5.043150000000000000e+09 6.890720485621970511e+03
1.450000000000000000e+02 1.277679999999999927e+00 5.077700000000000000e+09 6.765896015161307332e+03
1.460000000000000000e+02 1.266569999999999974e+00 5.112240000000000000e+09 6.665840549518572516e+03
1.470000000000000000e+02 1.255579999999999918e+00 5.146780000000000000e+09 6.555962748042051317e+03
1.480000000000000000e+02 1.244709999999999983e+00 5.181310000000000000e+09 6.469188930551963495e+03
1.490000000000000000e+02 1.233959999999999946e+00 5.215830000000000000e+09 6.439866336497276279e+03
1.500000000000000000e+02 1.223319999999999963e+00 5.250350000000000000e+09 6.385278750292998666e+03
1.510000000000000000e+02 1.212779999999999969e+00 5.284860000000000000e+09 6.356559928663156825e+03
1.520000000000000000e+02 1.202360000000000095e+00 5.319370000000000000e+09 6.359192632275641699e+03
1.530000000000000000e+02 1.192050000000000054e+00 5.353870000000000000e+09 6.319912942634154206e+03
1.540000000000000000e+02 1.181829999999999936e+00 5.388360000000000000e+09 6.179354404819832780e+03
1.550000000000000000e+02 1.171729999999999938e+00 5.422850000000000000e+09 6.049638458741594150e+03
1.560000000000000000e+02 1.161720000000000086e+00 5.457330000000000000e+09 5.933199386528670402e+03
1.570000000000000000e+02 1.151820000000000066e+00 5.491810000000000000e+09 5.822952032083397171e+03
1.580000000000000000e+02 1.142009999999999970e+00 5.526280000000000000e+09 5.686124532253576945e+03
1.590000000000000000e+02 1.132300000000000084e+00 5.560740000000000000e+09 5.578588745316875247e+03
1.600000000000000000e+02 1.122689999999999966e+00 5.595200000000000000e+09 5.457096359347488033e+03
1.610000000000000000e+02 1.113159999999999927e+00 5.629650000000000000e+09 5.359374398377046418e+03
1.620000000000000000e+02 1.103730000000000100e+00 5.664090000000000000e+09 5.288911665438319687e+03
1.630000000000000000e+02 1.094389999999999974e+00 5.698530000000000000e+09 5.241030061642754845e+03
1.640000000000000000e+02 1.085139999999999993e+00 5.732960000000000000e+09 5.169320242150699414e+03
1.650000000000000000e+02 1.075979999999999936e+00 5.767390000000000000e+09 5.114159978527569365e+03
1.660000000000000000e+02 1.066899999999999959e+00 5.801810000000000000e+09 5.059752561811904343e+03
1.670000000000000000e+02 1.057909999999999906e+00 5.836220000000000000e+09 5.012063506040842185e+03
1.680000000000000000e+02 1.048999999999999932e+00 5.870630000000000000e+09 4.952116258454730087e+03
1.690000000000000000e+02 1.040180000000000105e+00 5.905030000000000000e+09 4.921822755457813400e+03
1.700000000000000000e+02 1.031430000000000069e+00 5.939430000000000000e+09 4.910831156320493392e+03
1.710000000000000000e+02 1.022759999999999891e+00 5.973820000000000000e+09 4.879488680537703658e+03
1.720000000000000000e+02 1.014180000000000081e+00 6.008200000000000000e+09 4.852589336658270440e+03
1.730000000000000000e+02 1.005670000000000064e+00 6.042570000000000000e+09 4.844106924439523027e+03
1.740000000000000000e+02 9.972309999999999786e-01 6.076940000000000000e+09 4.837001596271306880e+03
1.750000000000000000e+02 9.888700000000000268e-01 6.111310000000000000e+09 4.837784910303914330e+03
1.760000000000000000e+02 9.805840000000000112e-01 6.145660000000000000e+09 4.821856907357031560e+03
1.770000000000000000e+02 9.723699999999999566e-01 6.180010000000000000e+09 4.784093911113407557e+03
1.780000000000000000e+02 9.642269999999999452e-01 6.214360000000000000e+09 4.736741099460139594e+03
1.790000000000000000e+02 9.561539999999999484e-01 6.248700000000000000e+09 4.743394431142535723e+03
1.800000000000000000e+02 9.481509999999999661e-01 6.283030000000000000e+09 4.746917975234403457e+03
1.810000000000000000e+02 9.402169999999999694e-01 6.317350000000000000e+09 4.751275349874726999e+03
1.820000000000000000e+02 9.323489999999999833e-01 6.351670000000000000e+09 4.760560665296859042e+03
1.830000000000000000e+02 9.245480000000000365e-01 6.385990000000000000e+09 4.759830122899473281e+03
1.840000000000000000e+02 9.168119999999999603e-01 6.420290000000000000e+09 4.747213995574979890e+03
1.850000000000000000e+02 9.091409999999999769e-01 6.454590000000000000e+09 4.729298330629122574e+03
1.860000000000000000e+02 9.015330000000000288e-01 6.488880000000000000e+09 4.723241200020783253e+03
1.870000000000000000e+02 8.939880000000000049e-01 6.523170000000000000e+09 4.723858932306253337e+03
1.880000000000000000e+02 8.865039999999999587e-01 6.557450000000000000e+09 4.713857720926025650e+03
1.890000000000000000e+02 8.790810000000000013e-01 6.591730000000000000e+09 4.732094554665211945e+03
1.900000000000000000e+02 8.717190000000000216e-01 6.626000000000000000e+09 4.748317094923659170e+03
1.910000000000000000e+02 8.644150000000000444e-01 6.660260000000000000e+09 4.788030170450851983e+03
1.920000000000000000e+02 8.571699999999999875e-01 6.694510000000000000e+09 4.785123164990025543e+03
1.930000000000000000e+02 8.499820000000000153e-01 6.728760000000000000e+09 4.780643204849405265e+03
1.940000000000000000e+02 8.428510000000000169e-01 6.763000000000000000e+09 4.775094934629515592e+03
1.950000000000000000e+02 8.357759999999999634e-01 6.797240000000000000e+09 4.768010728527202446e+03
1.960000000000000000e+02 8.287560000000000482e-01 6.831470000000000000e+09 4.776348402906571209e+03
1.970000000000000000e+02 8.217910000000000492e-01 6.865690000000000000e+09 4.766244867930748114e+03
1.980000000000000000e+02 8.148790000000000200e-01 6.899910000000000000e+09 4.755570498977498573e+03
1.990000000000000000e+02 8.080209999999999892e-01 6.934120000000000000e+09 4.758892901970293678e+03
2.000000000000000000e+02 8.012150000000000105e-01 6.968330000000000000e+09 4.762737583120322597e+03
2.010000000000000000e+02 7.944600000000000550e-01 7.002530000000000000e+09 4.797500156162644089e+03
2.020000000000000000e+02 7.877560000000000118e-01 7.036720000000000000e+09 4.792394454566432614e+03
2.030000000000000000e+02 7.811029999999999918e-01 7.070900000000000000e+09 4.794470659757817884e+03
2.040000000000000000e+02 7.744990000000000485e-01 7.105080000000000000e+09 4.802378101645055722e+03
2.050000000000000000e+02 7.679439999999999600e-01 7.139250000000000000e+09 4.846155012057482054e+03
2.060000000000000000e+02 7.614370000000000305e-01 7.173420000000000000e+09 4.841315417840505688e+03
2.070000000000000000e+02 7.549789999999999557e-01 7.207580000000000000e+09 4.815579714966184838e+03
2.080000000000000000e+02 7.485669999999999824e-01 7.241730000000000000e+09 4.775420592844008752e+03
2.090000000000000000e+02 7.422020000000000284e-01 7.275880000000000000e+09 4.769234264747820816e+03
2.100000000000000000e+02 7.358820000000000361e-01 7.310020000000000000e+09 4.739321192004630575e+03
2.110000000000000000e+02 7.296080000000000343e-01 7.344160000000000000e+09 4.741824745433692442e+03
2.120000000000000000e+02 7.233789999999999942e-01 7.378290000000000000e+09 4.767847043269634014e+03
2.130000000000000000e+02 7.171939999999999982e-01 7.412410000000000000e+09 4.757499255060606629e+03
2.140000000000000000e+02 7.110530000000000461e-01 7.446520000000000000e+09 4.710990118975330915e+03
2.150000000000000000e+02 7.049549999999999983e-01 7.480630000000000000e+09 4.682346362324390611e+03
2.160000000000000000e+02 6.988999999999999657e-01 7.514740000000000000e+09 4.672865388634067131e+03
2.170000000000000000e+02 6.928860000000000019e-01 7.548830000000000000e+09 4.635468233300725842e+03
2.180000000000000000e+02 6.869140000000000246e-01 7.582920000000000000e+09 4.625540106983549776e+03
2.190000000000000000e+02 6.809830000000000050e-01 7.617010000000000000e+09 4.611961621139267663e+03
2.200000000000000000e+02 6.750930000000000542e-01 7.651090000000000000e+09 4.598689060954053275e+03
2.210000000000000000e+02 6.692430000000000323e-01 7.685160000000000000e+09 4.598419081553697652e+03
2.220000000000000000e+02 6.634320000000000217e-01 7.719220000000000000e+09 4.636308724646381961e+03
2.230000000000000000e+02 6.576610000000000511e-01 7.753280000000000000e+09 4.700605457836189089e+03
2.240000000000000000e+02 6.519279999999999520e-01 7.787340000000000000e+09 4.711895536846219329e+03
2.250000000000000000e+02 6.462339999999999751e-01 7.821380000000000000e+09 4.701935940856980778e+03
2.260000000000000000e+02 6.405769999999999520e-01 7.855420000000000000e+09 4.681239685343271049e+03
2.270000000000000000e+02 6.349580000000000224e-01 7.889460000000000000e+09 4.654163268621432508e+03
2.280000000000000000e+02 6.293750000000000178e-01 7.923490000000000000e+09 4.633704046286751691e+03
2.290000000000000000e+02 6.238289999999999669e-01 7.957510000000000000e+09 4.609172020857465213e+03
2.300000000000000000e+02 6.183189999999999520e-01 7.991520000000000000e+09 4.601750575847253458e+03
2.310000000000000000e+02 6.128449999999999731e-01 8.025530000000000000e+09 4.604805111070098974e+03
2.320000000000000000e+02 6.074060000000000015e-01 8.059540000000000000e+09 4.564476001938661284e+03
2.330000000000000000e+02 6.020020000000000371e-01 8.093530000000000000e+09 4.519203566360498371e+03
2.340000000000000000e+02 5.966320000000000512e-01 8.127520000000000000e+09 4.467495768191341085e+03
2.350000000000000000e+02 5.912960000000000438e-01 8.161510000000000000e+09 4.408394739388510061e+03
2.360000000000000000e+02 5.859940000000000149e-01 8.195490000000000000e+09 4.366939025323629721e+03
2.370000000000000000e+02 5.807250000000000467e-01 8.229460000000000000e+09 4.352332170690038765e+03
2.380000000000000000e+02 5.754890000000000283e-01 8.263430000000000000e+09 4.360949535213900162e+03
2.390000000000000000e+02 5.702859999999999596e-01 8.297390000000000000e+09 4.323917888641298305e+03
2.400000000000000000e+02 5.651150000000000340e-01 8.331340000000000000e+09 4.288390844920835661e+03
2.410000000000000000e+02 5.599760000000000293e-01 8.365290000000000000e+09 4.249258476782118123e+03
2.420000000000000000e+02 5.548680000000000279e-01 8.399230000000000000e+09 4.219975346584288673e+03
2.430000000000000000e+02 5.497910000000000297e-01 8.433170000000000000e+09 4.199841300856879570e+03
2.440000000000000000e+02 5.447459999999999525e-01 8.467100000000000000e+09 4.187566117565061177e+03
2.450000000000000000e+02 5.397300000000000431e-01 8.501020000000000000e+09 4.159300584621307280e+03
2.460000000000000000e+02 5.347450000000000259e-01 8.534940000000000000e+09 4.146372152866770193e+03
2.470000000000000000e+02 5.297899999999999832e-01 8.568850000000000000e+09 4.106139409944945328e+03
2.480000000000000000e+02 5.248639999999999972e-01 8.602760000000000000e+09 4.084033070336071432e+03
2.490000000000000000e+02 5.199679999999999858e-01 8.636660000000000000e+09 4.048932497910142047e+03
2.500000000000000000e+02 5.151000000000000023e-01 8.670550000000000000e+09 4.017670339856575083e+03
2.510000000000000000e+02 5.102609999999999646e-01 8.704440000000000000e+09 3.966811763529742166e+03
2.520000000000000000e+02 5.054509999999999836e-01 8.738320000000000000e+09 3.939804762814313108e+03
2.530000000000000000e+02 5.006680000000000019e-01 8.772200000000000000e+09 3.905366118099677351e+03
2.540000000000000000e+02 4.959129999999999927e-01 8.806070000000000000e+09 3.862140053892546348e+03
2.550000000000000000e+02 4.911860000000000115e-01 8.839930000000000000e+09 3.855479909551622313e+03
2.560000000000000000e+02 4.864850000000000008e-01 8.873790000000000000e+09 3.841578314637009953e+03
2.570000000000000000e+02 4.818120000000000180e-01 8.907640000000000000e+09 3.813666102114804744e+03
2.580000000000000000e+02 4.771650000000000058e-01 8.941490000000000000e+09 3.789676119750652106e+03
2.590000000000000000e+02 4.725449999999999928e-01 8.975330000000000000e+09 3.779063891832997797e+03
2.600000000000000000e+02 4.679499999999999771e-01 9.009160000000000000e+09 3.757169001241789829e+03
2.610000000000000000e+02 4.633820000000000161e-01 9.042990000000000000e+09 3.741743015855938665e+03
2.620000000000000000e+02 4.588389999999999969e-01 9.076810000000000000e+09 3.730538195057711164e+03
2.630000000000000000e+02 4.543209999999999749e-01 9.110630000000000000e+09 3.719727040528518046e+03
2.640000000000000000e+02 4.498280000000000056e-01 9.144440000000000000e+09 3.713543305054637131e+03
2.650000000000000000e+02 4.453599999999999781e-01 9.178250000000000000e+09 3.708426420339028937e+03
2.660000000000000000e+02 4.409170000000000034e-01 9.212050000000000000e+09 3.703892142551366305e+03
2.670000000000000000e+02 4.364979999999999971e-01 9.245840000000000000e+09 3.682226131793472177e+03
2.680000000000000000e+02 4.321030000000000149e-01 9.279630000000000000e+09 3.680087651825693229e+03
2.690000000000000000e+02 4.277320000000000011e-01 9.313410000000000000e+09 3.647171011041826659e+03
2.700000000000000000e+02 4.233839999999999826e-01 9.347190000000000000e+09 3.627172683599498214e+03
2.710000000000000000e+02 4.190599999999999881e-01 9.380960000000000000e+09 3.612215699667782246e+03
2.720000000000000000e+02 4.147589999999999888e-01 9.414720000000000000e+09 3.597740462920382924e+03
2.730000000000000000e+02 4.104809999999999848e-01 9.448480000000000000e+09 3.584647513684225942e+03
2.740000000000000000e+02 4.062259999999999760e-01 9.482240000000000000e+09 3.586653984056570152e+03
2.750000000000000000e+02 4.019929999999999892e-01 9.515990000000000000e+09 3.570377358551947054e+03
2.760000000000000000e+02 3.977820000000000245e-01 9.549730000000000000e+09 3.569809475561536146e+03
2.770000000000000000e+02 3.935939999999999994e-01 9.583470000000000000e+09 3.561333300608953778e+03
2.780000000000000000e+02 3.894270000000000231e-01 9.617200000000000000e+09 3.522921853406586706e+03
2.790000000000000000e+02 3.852820000000000134e-01 9.650920000000000000e+09 3.500564539241315288e+03
2.800000000000000000e+02 3.811590000000000256e-01 9.684640000000000000e+09 3.514677268847493906e+03
2.810000000000000000e+02 3.770560000000000023e-01 9.718360000000000000e+09 3.519715395440961402e+03
2.820000000000000000e+02 3.729750000000000010e-01 9.752070000000000000e+09 3.517626537743635708e+03
2.830000000000000000e+02 3.689149999999999929e-01 9.785770000000000000e+09 3.519068349562462117e+03
2.840000000000000000e+02 3.648759999999999781e-01 9.819470000000000000e+09 3.514563129581022167e+03
2.850000000000000000e+02 3.608560000000000101e-01 9.853160000000000000e+09 3.517209787249649253e+03
2.860000000000000000e+02 3.568580000000000085e-01 9.886850000000000000e+09 3.480948797792236746e+03
2.870000000000000000e+02 3.528789999999999982e-01 9.920530000000000000e+09 3.463670279652869340e+03
2.880000000000000000e+02 3.489200000000000079e-01 9.954210000000000000e+09 3.430998299478943409e+03
2.890000000000000000e+02 3.449809999999999821e-01 9.987880000000000000e+09 3.411405628670046553e+03
2.900000000000000000e+02 3.410619999999999763e-01 1.002150000000000000e+10 3.406681540124335697e+03
2.910000000000000000e+02 3.371620000000000172e-01 1.005520000000000000e+10 3.411083390278990919e+03
2.920000000000000000e+02 3.332820000000000227e-01 1.008890000000000000e+10 3.416125056221145314e+03
2.930000000000000000e+02 3.294199999999999906e-01 1.012250000000000000e+10 3.404163368427777186e+03
2.940000000000000000e+02 3.255770000000000053e-01 1.015620000000000000e+10 3.387914128882981913e+03
2.950000000000000000e+02 3.217530000000000112e-01 1.018980000000000000e+10 3.374982291011777306e+03
2.960000000000000000e+02 3.179480000000000084e-01 1.022340000000000000e+10 3.371954851781117668e+03
2.970000000000000000e+02 3.141610000000000236e-01 1.025710000000000000e+10 3.351308690855632904e+03
2.980000000000000000e+02 3.103920000000000012e-01 1.029070000000000000e+10 3.343010465282705809e+03
2.990000000000000000e+02 3.066420000000000257e-01 1.032430000000000000e+10 3.366341466809563826e+03
3.000000000000000000e+02 3.029089999999999838e-01 1.035790000000000000e+10 3.363776801614485976e+03
3.010000000000000000e+02 2.991940000000000155e-01 1.039150000000000000e+10 3.356221104037719670e+03
3.020000000000000000e+02 2.954970000000000097e-01 1.042510000000000000e+10 3.336896405667154795e+03
3.030000000000000000e+02 2.918169999999999931e-01 1.045870000000000000e+10 3.311980692653570713e+03
3.040000000000000000e+02 2.881549999999999945e-01 1.049230000000000000e+10 3.296963691369767275e+03
3.050000000000000000e+02 2.845090000000000119e-01 1.052590000000000000e+10 3.285172780213210899e+03
3.060000000000000000e+02 2.808809999999999918e-01 1.055950000000000000e+10 3.273128380855950127e+03
3.070000000000000000e+02 2.772700000000000164e-01 1.059310000000000000e+10 3.273942732405084371e+03
3.080000000000000000e+02 2.736750000000000016e-01 1.062660000000000000e+10 3.271551414792745618e+03
3.090000000000000000e+02 2.700969999999999760e-01 1.066020000000000000e+10 3.297293593859992143e+03
3.100000000000000000e+02 2.665359999999999951e-01 1.069380000000000000e+10 3.317076122169412884e+03
3.110000000000000000e+02 2.629909999999999748e-01 1.072730000000000000e+10 3.301203850654785128e+03
3.120000000000000000e+02 2.594620000000000259e-01 1.076090000000000000e+10 3.288854649807450187e+03
3.130000000000000000e+02 2.559489999999999821e-01 1.079440000000000000e+10 3.256910653746788284e+03
3.140000000000000000e+02 2.524520000000000097e-01 1.082790000000000000e+10 3.241755554763518376e+03
3.150000000000000000e+02 2.489709999999999979e-01 1.086150000000000000e+10 3.245854035161300089e+03
3.160000000000000000e+02 2.455060000000000020e-01 1.089500000000000000e+10 3.238104711431391934e+03
3.170000000000000000e+02 2.420559999999999934e-01 1.092850000000000000e+10 3.234504485324446705e+03
3.180000000000000000e+02 2.386220000000000008e-01 1.096210000000000000e+10 3.237868888439446437e+03
3.190000000000000000e+02 2.352029999999999954e-01 1.099560000000000000e+10 3.220403792097632504e+03
3.200000000000000000e+02 2.317990000000000050e-01 1.102910000000000000e+10 3.205105925569647297e+03
3.210000000000000000e+02 2.284100000000000019e-01 1.106260000000000000e+10 3.208214882469753775e+03
3.220000000000000000e+02 2.250360000000000138e-01 1.109610000000000000e+10 3.196743605569356077e+03
3.230000000000000000e+02 2.216770000000000129e-01 1.112960000000000000e+10 3.185183460596550503e+03
3.240000000000000000e+02 2.183329999999999993e-01 1.116310000000000000e+10 3.175714021903700541e+03
3.250000000000000000e+02 2.150029999999999997e-01 1.119660000000000000e+10 3.161047892603721266e+03
3.260000000000000000e+02 2.116879999999999873e-01 1.123010000000000000e+10 3.134091614250861312e+03
3.270000000000000000e+02 2.083869999999999889e-01 1.126350000000000000e+10 3.124751058648324943e+03
3.280000000000000000e+02 2.051010000000000055e-01 1.129700000000000000e+10 3.121817670043265025e+03
3.290000000000000000e+02 2.018290000000000084e-01 1.133050000000000000e+10 3.098753067808670949e+03
3.300000000000000000e+02 1.985699999999999965e-01 1.136390000000000000e+10 3.093528090622257423e+03
3.310000000000000000e+02 1.953259999999999996e-01 1.139740000000000000e+10 3.077742934666467590e+03
3.320000000000000000e+02 1.920949999999999880e-01 1.143090000000000000e+10 3.040275737370156548e+03
3.330000000000000000e+02 1.888779999999999903e-01 1.146430000000000000e+10 3.011919303531243258e+03
3.340000000000000000e+02 1.856750000000000067e-01 1.149770000000000000e+10 3.007163302222472794e+03
3.350000000000000000e+02 1.824850000000000083e-01 1.153120000000000000e+10 2.994010617914776049e+03
3.360000000000000000e+02 1.793089999999999962e-01 1.156460000000000000e+10 3.009066375921203417e+03
3.370000000000000000e+02 1.761459999999999970e-01 1.159810000000000000e+10 3.008419451373022639e+03
3.380000000000000000e+02 1.729960000000000109e-01 1.163150000000000000e+10 2.992997373678050280e+03
3.390000000000000000e+02 1.698600000000000110e-01 1.166490000000000000e+10 2.984092661299634074e+03
3.400000000000000000e+02 1.667359999999999953e-01 1.169830000000000000e+10 2.962756405568189621e+03
3.410000000000000000e+02 1.636249999999999927e-01 1.173170000000000000e+10 2.937852916986880246e+03
3.420000000000000000e+02 1.605270000000000030e-01 1.176510000000000000e+10 2.914474742067568968e+03
3.430000000000000000e+02 1.574419999999999986e-01 1.179850000000000000e+10 2.920895430861839031e+03
3.440000000000000000e+02 1.543700000000000072e-01 1.183190000000000000e+10 2.924670052141432279e+03
3.450000000000000000e+02 1.513100000000000001e-01 1.186530000000000000e+10 2.937638006103064072e+03
3.460000000000000000e+02 1.482620000000000049e-01 1.189870000000000000e+10 2.925649968687351702e+03
3.470000000000000000e+02 1.452269999999999950e-01 1.193210000000000000e+10 2.917123171690263007e+03
3.480000000000000000e+02 1.422039999999999971e-01 1.196550000000000000e+10 2.913155461791187918e+03
3.490000000000000000e+02 1.391930000000000112e-01 1.199890000000000000e+10 2.904876375048307636e+03
3.500000000000000000e+02 1.361950000000000105e-01 1.203230000000000000e+10 2.890425147575032042e+03
3.510000000000000000e+02 1.332079999999999931e-01 1.206560000000000000e+10 2.876291364690758655e+03
3.520000000000000000e+02 1.302339999999999887e-01 1.209900000000000000e+10 2.861543303934790856e+03
3.530000000000000000e+02 1.272709999999999952e-01 1.213230000000000000e+10 2.863128373422137884e+03
3.540000000000000000e+02 1.243200000000000000e-01 1.216570000000000000e+10 2.857088178851292014e+03
3.550000000000000000e+02 1.213800000000000018e-01 1.219910000000000000e+10 2.830933242827279628e+03
3.560000000000000000e+02 1.184520000000000017e-01 1.223240000000000000e+10 2.813097781884360302e+03
3.570000000000000000e+02 1.155359999999999998e-01 1.226570000000000000e+10 2.805052023462592388e+03
3.580000000000000000e+02 1.126309999999999950e-01 1.229910000000000000e+10 2.784583717755400812e+03
3.590000000000000000e+02 1.097380000000000022e-01 1.233240000000000000e+10 2.765315729048401863e+03
3.600000000000000000e+02 1.068560000000000065e-01 1.236580000000000000e+10 2.757842737196712278e+03
3.610000000000000000e+02 1.039849999999999941e-01 1.239910000000000000e+10 2.753059844111738130e+03
3.620000000000000000e+02 1.011250000000000066e-01 1.243240000000000000e+10 2.754017863992353796e+03
3.630000000000000000e+02 9.827579999999999649e-02 1.246570000000000000e+10 2.736336964508824622e+03
3.640000000000000000e+02 9.543790000000000606e-02 1.249900000000000000e+10 2.718643231283575005e+03
3.650000000000000000e+02 9.261089999999999600e-02 1.253230000000000000e+10 2.701637366977057354e+03
3.660000000000000000e+02 8.979479999999999407e-02 1.256560000000000000e+10 2.695520066581399533e+03
3.670000000000000000e+02 8.698930000000000551e-02 1.259900000000000000e+10 2.698501993908964778e+03
3.680000000000000000e+02 8.419459999999999444e-02 1.263220000000000000e+10 2.691682180899657396e+03
3.690000000000000000e+02 8.141039999999999388e-02 1.266550000000000000e+10 2.694170414141864512e+03
3.700000000000000000e+02 7.863680000000000669e-02 1.269880000000000000e+10 2.682061220324978422e+03
3.710000000000000000e+02 7.587359999999999938e-02 1.273210000000000000e+10 2.670152103989085845e+03
3.720000000000000000e+02 7.312079999999999969e-02 1.276540000000000000e+10 2.667972402220458207e+03
3.730000000000000000e+02 7.037839999999999374e-02 1.279870000000000000e+10 2.663710360281135308e+03
3.740000000000000000e+02 6.764620000000000355e-02 1.283200000000000000e+10 2.646758623596499547e+03
3.750000000000000000e+02 6.492420000000000135e-02 1.286520000000000000e+10 2.629750806609137271e+03
3.760000000000000000e+02 6.221229999999999816e-02 1.289850000000000000e+10 2.638836535756509875e+03
3.770000000000000000e+02 5.951039999999999802e-02 1.293180000000000000e+10 2.628063701220126404e+03
3.780000000000000000e+02 5.681859999999999689e-02 1.296500000000000000e+10 2.621773834875076318e+03
3.790000000000000000e+02 5.413670000000000287e-02 1.299830000000000000e+10 2.620956921711196173e+03
3.800000000000000000e+02 5.146459999999999924e-02 1.303150000000000000e+10 2.621734109582979727e+03
3.810000000000000000e+02 4.880229999999999985e-02 1.306480000000000000e+10 2.612656113872484639e+03
3.820000000000000000e+02 4.614979999999999777e-02 1.309800000000000000e+10 2.606639131757581254e+03
3.830000000000000000e+02 4.350690000000000113e-02 1.313130000000000000e+10 2.593965834138007267e+03
3.840000000000000000e+02 4.087360000000000299e-02 1.316450000000000000e+10 2.597531750316296439e+03
3.850000000000000000e+02 3.824990000000000334e-02 1.319770000000000000e+10 2.587277588273288984e+03
3.860000000000000000e+02 3.563569999999999932e-02 1.323090000000000000e+10 2.579001658544110342e+03
3.870000000000000000e+02 3.303090000000000193e-02 1.326420000000000000e+10 2.585484990639159605e+03
3.880000000000000000e+02 3.043550000000000075e-02 1.329740000000000000e+10 2.578093634575898250e+03
3.890000000000000000e+02 2.784930000000000044e-02 1.333060000000000000e+10 2.571756207049718341e+03
3.900000000000000000e+02 2.527240000000000042e-02 1.336380000000000000e+10 2.589553161183888733e+03
3.910000000000000000e+02 2.270480000000000068e-02 1.339700000000000000e+10 2.605747030781788908e+03
3.920000000000000000e+02 2.014619999999999952e-02 1.343020000000000000e+10 2.591509060944074918e+03
3.930000000000000000e+02 1.759669999999999984e-02 1.346340000000000000e+10 2.508431319673870348e+03
3.940000000000000000e+02 1.505629999999999989e-02 1.349660000000000000e+10 2.435543277024450617e+03
3.950000000000000000e+02 1.252480000000000086e-02 1.352980000000000000e+10 2.375769747916268898e+03
3.960000000000000000e+02 1.000219999999999929e-02 1.356300000000000000e+10 2.324531278189059321e+03
3.970000000000000000e+02 7.488530000000000186e-03 1.359620000000000000e+10 2.279774668087852660e+03
3.980000000000000000e+02 4.983620000000000237e-03 1.362940000000000000e+10 2.240014546395920206e+03
3.990000000000000000e+02 2.487459999999999932e-03 1.366260000000000000e+10 2.204055795068460611e+03
4.000000000000000000e+02 1.443290000000000029e-15 1.369580000000000000e+10 1.085664512370614830e+03
